0 -0.5 -3.14159265359 3.14159265359
1 -0.458333333333 -2.87979326579 3.14159265359
2 -0.416666666667 -2.61799387799 3.14159265359
3 -0.375 -2.35619449019 3.14159265359
4 -0.333333333333 -2.09439510239 3.14159265359
5 -0.291666666667 -1.83259571459 3.14159265359
6 -0.25 -1.57079632679 3.14159265359
7 -0.208333333333 -1.308996939 3.14159265359
8 -0.166666666667 -1.0471975512 3.14159265359
9 -0.125 -0.785398163397 3.14159265359
10 -0.0833333333333 -0.523598775598 3.14159265359
11 -0.0416666666667 -0.261799387799 3.14159265359
12 0.0 0.0 3.14159265359
13 0.0416666666667 0.261799387799 3.14159265359
14 0.0833333333333 0.523598775598 3.14159265359
15 0.125 0.785398163397 3.14159265359
16 0.166666666667 1.0471975512 3.14159265359
17 0.208333333333 1.308996939 3.14159265359
18 0.25 1.57079632679 3.14159265359
19 0.291666666667 1.83259571459 3.14159265359
20 0.333333333333 2.09439510239 3.14159265359
21 0.375 2.35619449019 3.14159265359
22 0.416666666667 2.61799387799 3.14159265359
23 0.458333333333 2.87979326579 3.14159265359
